Preparing JPEG decoder...



Starting JPEG decompression...
(0,0)-(7,7)
(  0,  0,  0) (  0,  0,  0) (  0,  0,  0) (  0,  0,  0) (  0,  0,  0) (  0,  0,  0) (  0,  0,  0) (  0,  0,  0) 
(  0,  0,  0) (  0,  0,  0) (  0,  0,  0) (  0,  0,  0) (  0,  0,  0) (  0,  0,  0) (  0,  0,  0) (  0,  0,  0) 
(  0,  0,  0) (  0,  0,  0) (  0,  0,  0) (  0,  0,  0) (  0,  0,  0) (  0,  0,  0) (  0,  0,  0) (  0,  0,  0) 
(  0,  0,  0) (  0,  0,  0) (  0,  0,  0) (  0,  0,  0) (  0,  0,  0) (  0,  0,  0) (  0,  0,  0) (  0,  0,  0) 
(  0,  0,  0) (  0,  0,  0) (  0,  0,  0) (  0,  0,  0) (  0,  0,  0) (  0,  0,  0) (  0,  0,  0) (  0,  0,  0) 
(  0,  0,  0) (  0,  0,  0) (  0,  0,  0) (  0,  0,  0) (  0,  0,  0) (  0,  0,  0) (  0,  0,  0) (  0,  0,  0) 
(  0,  0,  0) (  0,  0,  0) (  0,  0,  0) (  0,  0,  0) (  0,  0,  0) (  0,  0,  0) (  0,  0,  0) (  0,  0,  0) 
(  0,  0,  0) (  0,  0,  0) (  0,  0,  0) (  0,  0,  0) (  0,  0,  0) (  0,  0,  0) (  0,  0,  0) (  0,  0,  0) 
(8,0)-(15,7)
(255,255,255) (255,255,255) (255,255,255) (255,255,255) (255,255,255) (255,255,255) (255,255,255) (255,255,255) 
(255,255,255) (255,255,255) (255,255,255) (255,255,255) (255,255,255) (255,255,255) (255,255,255) (255,255,255) 
(255,255,255) (255,255,255) (255,255,255) (255,255,255) (255,255,255) (255,255,255) (255,255,255) (255,255,255) 
(255,255,255) (255,255,255) (255,255,255) (255,255,255) (255,255,255) (255,255,255) (255,255,255) (255,255,255) 
(255,255,255) (255,255,255) (255,255,255) (255,255,255) (255,255,255) (255,255,255) (255,255,255) (255,255,255) 
(255,255,255) (255,255,255) (255,255,255) (255,255,255) (255,255,255) (255,255,255) (255,255,255) (255,255,255) 
(255,255,255) (255,255,255) (255,255,255) (255,255,255) (255,255,255) (255,255,255) (255,255,255) (255,255,255) 
(255,255,255) (255,255,255) (255,255,255) (255,255,255) (255,255,255) (255,255,255) (255,255,255) (255,255,255) 
(0,8)-(7,15)
(255,255,255) (255,255,255) (255,255,255) (255,255,255) (255,255,255) (255,255,255) (255,255,255) (255,255,255) 
(255,255,255) (255,255,255) (255,255,255) (255,255,255) (255,255,255) (255,255,255) (255,255,255) (255,255,255) 
(255,255,255) (255,255,255) (255,255,255) (255,255,255) (255,255,255) (255,255,255) (255,255,255) (255,255,255) 
(255,255,255) (255,255,255) (255,255,255) (255,255,255) (255,255,255) (255,255,255) (255,255,255) (255,255,255) 
(255,255,255) (255,255,255) (255,255,255) (255,255,255) (255,255,255) (255,255,255) (255,255,255) (255,255,255) 
(255,255,255) (255,255,255) (255,255,255) (255,255,255) (255,255,255) (255,255,255) (255,255,255) (255,255,255) 
(255,255,255) (255,255,255) (255,255,255) (255,255,255) (255,255,255) (255,255,255) (255,255,255) (255,255,255) 
(255,255,255) (255,255,255) (255,255,255) (255,255,255) (255,255,255) (255,255,255) (255,255,255) (255,255,255) 
(8,8)-(15,15)
(  0,  0,  0) (  0,  0,  0) (  0,  0,  0) (  0,  0,  0) (  0,  0,  0) (  0,  0,  0) (  0,  0,  0) (  0,  0,  0) 
(  0,  0,  0) (  0,  0,  0) (  0,  0,  0) (  0,  0,  0) (  0,  0,  0) (  0,  0,  0) (  0,  0,  0) (  0,  0,  0) 
(  0,  0,  0) (  0,  0,  0) (  0,  0,  0) (  0,  0,  0) (  0,  0,  0) (  0,  0,  0) (  0,  0,  0) (  0,  0,  0) 
(  0,  0,  0) (  0,  0,  0) (  0,  0,  0) (  0,  0,  0) (  0,  0,  0) (  0,  0,  0) (  0,  0,  0) (  0,  0,  0) 
(  0,  0,  0) (  0,  0,  0) (  0,  0,  0) (  0,  0,  0) (  0,  0,  0) (  0,  0,  0) (  0,  0,  0) (  0,  0,  0) 
(  0,  0,  0) (  0,  0,  0) (  0,  0,  0) (  0,  0,  0) (  0,  0,  0) (  0,  0,  0) (  0,  0,  0) (  0,  0,  0) 
(  0,  0,  0) (  0,  0,  0) (  0,  0,  0) (  0,  0,  0) (  0,  0,  0) (  0,  0,  0) (  0,  0,  0) (  0,  0,  0) 
(  0,  0,  0) (  0,  0,  0) (  0,  0,  0) (  0,  0,  0) (  0,  0,  0) (  0,  0,  0) (  0,  0,  0) (  0,  0,  0) 



sizeof(JDEC): 256
Memory Pool: 1708
samples/checker_16x16_40.jpg Total: 1964
