Preparing JPEG decoder...



Starting JPEG decompression...
(0,0)-(7,7)
(252,  1,  0) (252,  1,  0) (252,  2,  0) (252,  2,  0) (253,  1,  0) (253,  1,  0) (253,  1,  0) (253,  1,  0) 
(252,  1,  0) (252,  1,  0) (252,  2,  0) (252,  2,  0) (253,  1,  0) (253,  1,  0) (253,  1,  0) (253,  1,  0) 
(252,  1,  0) (252,  1,  0) (252,  2,  0) (252,  2,  0) (253,  1,  0) (253,  1,  0) (253,  1,  0) (253,  1,  0) 
(252,  1,  0) (252,  1,  0) (252,  2,  0) (252,  2,  0) (253,  1,  0) (253,  1,  0) (253,  1,  0) (253,  1,  0) 
(252,  1,  0) (252,  1,  0) (252,  2,  0) (252,  2,  0) (253,  1,  0) (253,  1,  0) (253,  1,  0) (253,  1,  0) 
(252,  1,  0) (252,  1,  0) (252,  2,  0) (252,  2,  0) (253,  1,  0) (253,  1,  0) (253,  1,  0) (253,  1,  0) 
(252,  1,  0) (252,  1,  0) (252,  2,  0) (252,  2,  0) (253,  1,  0) (253,  1,  0) (253,  1,  0) (253,  1,  0) 
(252,  1,  0) (252,  1,  0) (252,  2,  0) (252,  2,  0) (253,  1,  0) (253,  1,  0) (253,  1,  0) (253,  1,  0) 
(8,0)-(15,7)
(  0,255,  0) (  0,255,  0) (  0,255,  2) (  0,255,  2) (  1,254,  3) (  1,254,  3) (  1,255,  0) (  1,255,  0) 
(  0,255,  0) (  0,255,  0) (  0,255,  2) (  0,255,  2) (  1,254,  3) (  1,254,  3) (  1,255,  0) (  1,255,  0) 
(  0,255,  0) (  0,255,  0) (  0,255,  2) (  0,255,  2) (  1,254,  3) (  1,254,  3) (  1,255,  0) (  1,255,  0) 
(  0,255,  0) (  0,255,  0) (  0,255,  2) (  0,255,  2) (  1,254,  3) (  1,254,  3) (  1,255,  0) (  1,255,  0) 
(  0,255,  0) (  0,255,  0) (  0,255,  2) (  0,255,  2) (  1,254,  3) (  1,254,  3) (  1,255,  0) (  1,255,  0) 
(  0,255,  0) (  0,255,  0) (  0,255,  2) (  0,255,  2) (  1,254,  3) (  1,254,  3) (  1,255,  0) (  1,255,  0) 
(  0,255,  0) (  0,255,  0) (  0,255,  2) (  0,255,  2) (  1,254,  3) (  1,254,  3) (  1,255,  0) (  1,255,  0) 
(  0,255,  0) (  0,255,  0) (  0,255,  2) (  0,255,  2) (  1,254,  3) (  1,254,  3) (  1,255,  0) (  1,255,  0) 
(0,8)-(7,15)
(  0,  2,253) (  0,  2,253) (  0,  2,252) (  0,  2,252) (  0,  1,252) (  0,  1,252) (  0,  2,252) (  0,  2,252) 
(  0,  2,253) (  0,  2,253) (  0,  2,252) (  0,  2,252) (  0,  1,252) (  0,  1,252) (  0,  2,252) (  0,  2,252) 
(  0,  2,253) (  0,  2,253) (  0,  2,252) (  0,  2,252) (  0,  1,252) (  0,  1,252) (  0,  2,252) (  0,  2,252) 
(  0,  2,253) (  0,  2,253) (  0,  2,252) (  0,  2,252) (  0,  1,252) (  0,  1,252) (  0,  2,252) (  0,  2,252) 
(  0,  2,253) (  0,  2,253) (  0,  2,252) (  0,  2,252) (  0,  1,252) (  0,  1,252) (  0,  2,252) (  0,  2,252) 
(  0,  2,253) (  0,  2,253) (  0,  2,252) (  0,  2,252) (  0,  1,252) (  0,  1,252) (  0,  2,252) (  0,  2,252) 
(  0,  2,253) (  0,  2,253) (  0,  2,252) (  0,  2,252) (  0,  1,252) (  0,  1,252) (  0,  2,252) (  0,  2,252) 
(  0,  2,253) (  0,  2,253) (  0,  2,252) (  0,  2,252) (  0,  1,252) (  0,  1,252) (  0,  2,252) (  0,  2,252) 
(8,8)-(15,15)
(255,255,255) (255,255,255) (254,255,255) (254,255,255) (255,255,255) (255,255,255) (255,255,254) (255,255,254) 
(255,255,255) (255,255,255) (254,255,255) (254,255,255) (255,255,255) (255,255,255) (255,255,254) (255,255,254) 
(255,255,255) (255,255,255) (254,255,255) (254,255,255) (255,255,255) (255,255,255) (255,255,254) (255,255,254) 
(255,255,255) (255,255,255) (254,255,255) (254,255,255) (255,255,255) (255,255,255) (255,255,254) (255,255,254) 
(255,255,255) (255,255,255) (254,255,255) (254,255,255) (255,255,255) (255,255,255) (255,255,254) (255,255,254) 
(255,255,255) (255,255,255) (254,255,255) (254,255,255) (255,255,255) (255,255,255) (255,255,254) (255,255,254) 
(255,255,255) (255,255,255) (254,255,255) (254,255,255) (255,255,255) (255,255,255) (255,255,254) (255,255,254) 
(255,255,255) (255,255,255) (254,255,255) (254,255,255) (255,255,255) (255,255,255) (255,255,254) (255,255,254) 



sizeof(JDEC): 256
Memory Pool: 2648
samples/rgbw_yuv422.jpg Total: 2904
