Preparing JPEG decoder...



Starting JPEG decompression...
(0,0)-(7,7)
( 76, 76, 76) ( 76, 76, 76) ( 76, 76, 76) ( 76, 76, 76) ( 76, 76, 76) ( 76, 76, 76) ( 76, 76, 76) ( 76, 76, 76) 
( 76, 76, 76) ( 76, 76, 76) ( 76, 76, 76) ( 76, 76, 76) ( 76, 76, 76) ( 76, 76, 76) ( 76, 76, 76) ( 76, 76, 76) 
( 76, 76, 76) ( 76, 76, 76) ( 76, 76, 76) ( 76, 76, 76) ( 76, 76, 76) ( 76, 76, 76) ( 76, 76, 76) ( 76, 76, 76) 
( 76, 76, 76) ( 76, 76, 76) ( 76, 76, 76) ( 76, 76, 76) ( 76, 76, 76) ( 76, 76, 76) ( 76, 76, 76) ( 76, 76, 76) 
( 76, 76, 76) ( 76, 76, 76) ( 76, 76, 76) ( 76, 76, 76) ( 76, 76, 76) ( 76, 76, 76) ( 76, 76, 76) ( 76, 76, 76) 
( 76, 76, 76) ( 76, 76, 76) ( 76, 76, 76) ( 76, 76, 76) ( 76, 76, 76) ( 76, 76, 76) ( 76, 76, 76) ( 76, 76, 76) 
( 76, 76, 76) ( 76, 76, 76) ( 76, 76, 76) ( 76, 76, 76) ( 76, 76, 76) ( 76, 76, 76) ( 76, 76, 76) ( 76, 76, 76) 
( 76, 76, 76) ( 76, 76, 76) ( 76, 76, 76) ( 76, 76, 76) ( 76, 76, 76) ( 76, 76, 76) ( 76, 76, 76) ( 76, 76, 76) 
(8,0)-(15,7)
(150,150,150) (150,150,150) (150,150,150) (150,150,150) (150,150,150) (150,150,150) (150,150,150) (150,150,150) 
(150,150,150) (150,150,150) (150,150,150) (150,150,150) (150,150,150) (150,150,150) (150,150,150) (150,150,150) 
(150,150,150) (150,150,150) (150,150,150) (150,150,150) (150,150,150) (150,150,150) (150,150,150) (150,150,150) 
(150,150,150) (150,150,150) (150,150,150) (150,150,150) (150,150,150) (150,150,150) (150,150,150) (150,150,150) 
(150,150,150) (150,150,150) (150,150,150) (150,150,150) (150,150,150) (150,150,150) (150,150,150) (150,150,150) 
(150,150,150) (150,150,150) (150,150,150) (150,150,150) (150,150,150) (150,150,150) (150,150,150) (150,150,150) 
(150,150,150) (150,150,150) (150,150,150) (150,150,150) (150,150,150) (150,150,150) (150,150,150) (150,150,150) 
(150,150,150) (150,150,150) (150,150,150) (150,150,150) (150,150,150) (150,150,150) (150,150,150) (150,150,150) 
(0,8)-(7,15)
( 29, 29, 29) ( 29, 29, 29) ( 29, 29, 29) ( 29, 29, 29) ( 29, 29, 29) ( 29, 29, 29) ( 29, 29, 29) ( 29, 29, 29) 
( 29, 29, 29) ( 29, 29, 29) ( 29, 29, 29) ( 29, 29, 29) ( 29, 29, 29) ( 29, 29, 29) ( 29, 29, 29) ( 29, 29, 29) 
( 29, 29, 29) ( 29, 29, 29) ( 29, 29, 29) ( 29, 29, 29) ( 29, 29, 29) ( 29, 29, 29) ( 29, 29, 29) ( 29, 29, 29) 
( 29, 29, 29) ( 29, 29, 29) ( 29, 29, 29) ( 29, 29, 29) ( 29, 29, 29) ( 29, 29, 29) ( 29, 29, 29) ( 29, 29, 29) 
( 29, 29, 29) ( 29, 29, 29) ( 29, 29, 29) ( 29, 29, 29) ( 29, 29, 29) ( 29, 29, 29) ( 29, 29, 29) ( 29, 29, 29) 
( 29, 29, 29) ( 29, 29, 29) ( 29, 29, 29) ( 29, 29, 29) ( 29, 29, 29) ( 29, 29, 29) ( 29, 29, 29) ( 29, 29, 29) 
( 29, 29, 29) ( 29, 29, 29) ( 29, 29, 29) ( 29, 29, 29) ( 29, 29, 29) ( 29, 29, 29) ( 29, 29, 29) ( 29, 29, 29) 
( 29, 29, 29) ( 29, 29, 29) ( 29, 29, 29) ( 29, 29, 29) ( 29, 29, 29) ( 29, 29, 29) ( 29, 29, 29) ( 29, 29, 29) 
(8,8)-(15,15)
(255,255,255) (255,255,255) (255,255,255) (255,255,255) (255,255,255) (255,255,255) (255,255,255) (255,255,255) 
(255,255,255) (255,255,255) (255,255,255) (255,255,255) (255,255,255) (255,255,255) (255,255,255) (255,255,255) 
(255,255,255) (255,255,255) (255,255,255) (255,255,255) (255,255,255) (255,255,255) (255,255,255) (255,255,255) 
(255,255,255) (255,255,255) (255,255,255) (255,255,255) (255,255,255) (255,255,255) (255,255,255) (255,255,255) 
(255,255,255) (255,255,255) (255,255,255) (255,255,255) (255,255,255) (255,255,255) (255,255,255) (255,255,255) 
(255,255,255) (255,255,255) (255,255,255) (255,255,255) (255,255,255) (255,255,255) (255,255,255) (255,255,255) 
(255,255,255) (255,255,255) (255,255,255) (255,255,255) (255,255,255) (255,255,255) (255,255,255) (255,255,255) 
(255,255,255) (255,255,255) (255,255,255) (255,255,255) (255,255,255) (255,255,255) (255,255,255) (255,255,255) 



sizeof(JDEC): 256
Memory Pool: 1708
samples/rgbw_yuv400.jpg Total: 1964
