Preparing JPEG decoder...



Starting JPEG decompression...
(0,0)-(7,7)
(253,  1,  0) (253,  1,  0) (253,  1,  0) (253,  1,  0) (253,  1,  0) (253,  1,  0) (253,  1,  0) (253,  1,  0) 
(253,  1,  0) (253,  1,  0) (253,  1,  0) (253,  1,  0) (253,  1,  0) (253,  1,  0) (253,  1,  0) (253,  1,  0) 
(253,  1,  0) (253,  1,  0) (253,  1,  0) (253,  1,  0) (253,  1,  0) (253,  1,  0) (253,  1,  0) (253,  1,  0) 
(253,  1,  0) (253,  1,  0) (253,  1,  0) (253,  1,  0) (253,  1,  0) (253,  1,  0) (253,  1,  0) (253,  1,  0) 
(253,  1,  0) (253,  1,  0) (253,  1,  0) (253,  1,  0) (253,  1,  0) (253,  1,  0) (253,  1,  0) (253,  1,  0) 
(253,  1,  0) (253,  1,  0) (253,  1,  0) (253,  1,  0) (253,  1,  0) (253,  1,  0) (253,  1,  0) (253,  1,  0) 
(253,  1,  0) (253,  1,  0) (253,  1,  0) (253,  1,  0) (253,  1,  0) (253,  1,  0) (253,  1,  0) (253,  1,  0) 
(253,  1,  0) (253,  1,  0) (253,  1,  0) (253,  1,  0) (253,  1,  0) (253,  1,  0) (253,  1,  0) (253,  1,  0) 
(8,0)-(15,7)
(  1,255,  2) (  1,255,  2) (  1,255,  2) (  1,255,  2) (  1,255,  2) (  1,255,  2) (  1,255,  2) (  1,255,  2) 
(  1,255,  2) (  1,255,  2) (  1,255,  2) (  1,255,  2) (  1,255,  2) (  1,255,  2) (  1,255,  2) (  1,255,  2) 
(  1,255,  2) (  1,255,  2) (  1,255,  2) (  1,255,  2) (  1,255,  2) (  1,255,  2) (  1,255,  2) (  1,255,  2) 
(  1,255,  2) (  1,255,  2) (  1,255,  2) (  1,255,  2) (  1,255,  2) (  1,255,  2) (  1,255,  2) (  1,255,  2) 
(  1,255,  2) (  1,255,  2) (  1,255,  2) (  1,255,  2) (  1,255,  2) (  1,255,  2) (  1,255,  2) (  1,255,  2) 
(  1,255,  2) (  1,255,  2) (  1,255,  2) (  1,255,  2) (  1,255,  2) (  1,255,  2) (  1,255,  2) (  1,255,  2) 
(  1,255,  2) (  1,255,  2) (  1,255,  2) (  1,255,  2) (  1,255,  2) (  1,255,  2) (  1,255,  2) (  1,255,  2) 
(  1,255,  2) (  1,255,  2) (  1,255,  2) (  1,255,  2) (  1,255,  2) (  1,255,  2) (  1,255,  2) (  1,255,  2) 
(0,8)-(7,15)
(  0,  1,253) (  0,  1,253) (  0,  1,253) (  0,  1,253) (  0,  1,253) (  0,  1,253) (  0,  1,253) (  0,  1,253) 
(  0,  1,253) (  0,  1,253) (  0,  1,253) (  0,  1,253) (  0,  1,253) (  0,  1,253) (  0,  1,253) (  0,  1,253) 
(  0,  1,253) (  0,  1,253) (  0,  1,253) (  0,  1,253) (  0,  1,253) (  0,  1,253) (  0,  1,253) (  0,  1,253) 
(  0,  1,253) (  0,  1,253) (  0,  1,253) (  0,  1,253) (  0,  1,253) (  0,  1,253) (  0,  1,253) (  0,  1,253) 
(  0,  1,253) (  0,  1,253) (  0,  1,253) (  0,  1,253) (  0,  1,253) (  0,  1,253) (  0,  1,253) (  0,  1,253) 
(  0,  1,253) (  0,  1,253) (  0,  1,253) (  0,  1,253) (  0,  1,253) (  0,  1,253) (  0,  1,253) (  0,  1,253) 
(  0,  1,253) (  0,  1,253) (  0,  1,253) (  0,  1,253) (  0,  1,253) (  0,  1,253) (  0,  1,253) (  0,  1,253) 
(  0,  1,253) (  0,  1,253) (  0,  1,253) (  0,  1,253) (  0,  1,253) (  0,  1,253) (  0,  1,253) (  0,  1,253) 
(8,8)-(15,15)
(255,255,255) (255,255,255) (255,255,255) (255,255,255) (255,255,255) (255,255,255) (255,255,255) (255,255,255) 
(255,255,255) (255,255,255) (255,255,255) (255,255,255) (255,255,255) (255,255,255) (255,255,255) (255,255,255) 
(255,255,255) (255,255,255) (255,255,255) (255,255,255) (255,255,255) (255,255,255) (255,255,255) (255,255,255) 
(255,255,255) (255,255,255) (255,255,255) (255,255,255) (255,255,255) (255,255,255) (255,255,255) (255,255,255) 
(255,255,255) (255,255,255) (255,255,255) (255,255,255) (255,255,255) (255,255,255) (255,255,255) (255,255,255) 
(255,255,255) (255,255,255) (255,255,255) (255,255,255) (255,255,255) (255,255,255) (255,255,255) (255,255,255) 
(255,255,255) (255,255,255) (255,255,255) (255,255,255) (255,255,255) (255,255,255) (255,255,255) (255,255,255) 
(255,255,255) (255,255,255) (255,255,255) (255,255,255) (255,255,255) (255,255,255) (255,255,255) (255,255,255) 



sizeof(JDEC): 256
Memory Pool: 2520
samples/rgbw_yuv444.jpg Total: 2776
